LATITUDE=23.160606462864724
LONGITUDE=79.94360451190451